KODEMENU
--------
012
01298
013
01304
01305
020
0201
020101
020102
020103
020106
0201061
0201062
0201063
0201064
020107
0201071
0201072
0201073
0201074
0201075
020108
0201081
0201082
0201083
0201084
0201085
020109
0202
020201
02020101
02020102
02020103
02020104
02020105
02020106
02020109
0202021
020204
020205
020206
0203
020301
020302
020303
020304
020305
0204
020401
020402
020403
020404
0204041
020405
020406
020407
0205
020501
020502
020503
020504
020505
020506
020507
025
02530
02530201
02530202
02530203
02540
0254010
02540101
02540102
02540103
0254020
02540201
02540202
02540203
02560
0256010
02560101
02560102
02560103
0256020
02560201
02560202
02560203
02560204
02571
025711
025712
025713
02573
025731
025732
025733
02574
025741
025743
025801
025802
025902
030
03020
030201
030202
030203
030204
03030
0303010
03030101
03030102
03030103
030301031
03030104
0303020
03030201
03030202
03030203
03031
0303110
03031101
03031102
03031103
0303120
03031201
03031202
03031203
0303130
030313001
030313002
030313003
030314
03032
0303210
03032101
03032102
03032103
0303220
03032201
03032202
03032203
03032204
03032205
03032206
03032207
0303230
03032301
03032302
03032303
03032304
0303240
0303241
030325
0303251
0303252
0303253
030326
03032601
03032602
03032603
03033
0303301
0303302
0303303
0303304
0303310
03033101
03033102
03033103
0303320
03033201
03033202
03033203
0303321
0303322
0303323
03034
0303410
0303420
0303430
03035
0303501
0303502
0303503
030351
030352
03036
030361
030362
03037
0303701
0303702
0303703
03038
0303801
0303802
0303803
040
0401
04010201
04010202
0401020201
0401020202
0401020203
04010203
04010204
04010205
04010206
04010207
04010208
04011
04036
040361
040362
04050
040501
040502
04070
040701
040702
04080
040801
040802
04085
040851
040852
04086
040861
040862
050
05010
050101
050102
050103
050104
0501041
050105
050106
050107
05020
050201
050202
060
0601
061
06101
06102
062
063

(250 rows affected)
